  0.00117632   0.83544147   0.27342835
  0.00370701   0.83797087   0.28058361
  0.00623721   0.84050072   0.28773888
  0.00876697   0.84303103   0.29489416
  0.01129631   0.84556178   0.30204942
  0.01382526   0.84809297   0.30920465
  0.01635387   0.85062460   0.31635986
  0.01888215   0.85315667   0.32351503
  0.02141015   0.85568916   0.33067015
  0.02393789   0.85822206   0.33782521
  0.02646540   0.86075536   0.34498021
  0.02899272   0.86328906   0.35213515
  0.03151987   0.86582313   0.35929001
  0.03404688   0.86835756   0.36644479
  0.03657377   0.87089233   0.37359949
  0.03910057   0.87342744   0.38075410
  0.04162730   0.87596286   0.38790863
  0.04415398   0.87849857   0.39506308
  0.04668062   0.88103455   0.40221744
  0.04920724   0.88357079   0.40937171
  0.05173385   0.88610727   0.41652591
  0.05426046   0.88864397   0.42368003
  0.05678708   0.89118087   0.43083407
  0.05931372   0.89371795   0.43798804
  0.06184038   0.89625519   0.44514195
  0.06436706   0.89879258   0.45229580
  0.06689377   0.90133010   0.45944959
  0.06942051   0.90386774   0.46660333
  0.07194728   0.90640548   0.47375702
  0.07447407   0.90894330   0.48091067
  0.07700089   0.91148120   0.48806429
  0.07952773   0.91401916   0.49521788
  0.08205459   0.91655716   0.50237145
  0.08458148   0.91909521   0.50952499
  0.08710837   0.92163330   0.51667851
  0.08963528   0.92417140   0.52383203
  0.09216219   0.92670953   0.53098553
  0.09468911   0.92924766   0.53813903
  0.09721603   0.93178581   0.54529253
  0.09974294   0.93432395   0.55244603
  0.10226986   0.93686210   0.55959952
  0.10479680   0.93940025   0.56675301
  0.51072679   0.99920368   0.91805435
  0.50576559   0.99313465   0.91645647
  0.50080356   0.98706644   0.91485800
  0.49584072   0.98099904   0.91325896
  0.49087708   0.97493244   0.91165937
  0.48591264   0.96886664   0.91005925
  0.48094742   0.96280161   0.90845862
  0.47598143   0.95673735   0.90685751
  0.47101467   0.95067383   0.90525592
  0.46604717   0.94461104   0.90365389
  0.46107893   0.93854896   0.90205144
  0.45610998   0.93248758   0.90044858
  0.45114033   0.92642687   0.89884535
  0.44616999   0.92036681   0.89724176
  0.44119899   0.91430739   0.89563784
  0.43622736   0.90824857   0.89403361
  0.43125509   0.90219034   0.89242910
  0.42628223   0.89613267   0.89082433
  0.42130880   0.89007554   0.88921932
  0.41633481   0.88401891   0.88761409
  0.41136029   0.87796277   0.88600867
  0.40638528   0.87190709   0.88440307
  0.40140979   0.86585184   0.88279732
  0.39643385   0.85979699   0.88119144
  0.39145750   0.85374252   0.87958544
  0.38648076   0.84768839   0.87797934
  0.38150365   0.84163458   0.87637316
  0.37652621   0.83558106   0.87476690
  0.37154847   0.82952781   0.87316059
  0.36657045   0.82347480   0.87155424
  0.36159219   0.81742200   0.86994785
  0.35661370   0.81136939   0.86834143
  0.35163502   0.80531694   0.86673500
  0.34665618   0.79926463   0.86512855
  0.34167719   0.79321244   0.86352210
  0.33669808   0.78716036   0.86191564
  0.33171887   0.78110835   0.86030918
  0.32673959   0.77505641   0.85870272
  0.32176024   0.76900451   0.85709627
  0.31678085   0.76295265   0.85548981
  0.31180143   0.75690082   0.85388336
  0.30682199   0.75084901   0.85227691
  0.30184253   0.74479720   0.85067047
  0.29686307   0.73874540   0.84906402
  0.29188361   0.73269360   0.84745757
  0.99457182   0.19526582   0.97181395
  0.98911651   0.19986446   0.97543224
  0.98366012   0.20446247   0.97904971
  0.97820267   0.20905986   0.98266637
  0.97274420   0.21365665   0.98628226
  0.96728474   0.21825284   0.98989740
  0.96182431   0.22284845   0.99351183
  0.95636295   0.22744350   0.99712557
  0.81995568   0.99381751   0.26338010
  0.82081598   0.98601320   0.26491393
  0.82167805   0.97820924   0.26644856
  0.82254193   0.97040564   0.26798399
  0.82340766   0.96260241   0.26952025
  0.82427529   0.95479955   0.27105732
  0.82514484   0.94699707   0.27259523
  0.82601633   0.93919496   0.27413396
  0.82688981   0.93139325   0.27567351
  0.82776528   0.92359191   0.27721389
  0.82864278   0.91579097   0.27875508
  0.82952230   0.90799041   0.28029708
  0.83040387   0.90019025   0.28183987
  0.83128749   0.89239046   0.28338345
  0.83217315   0.88459107   0.28492779
  0.83306086   0.87679205   0.28647288
  0.83395060   0.86899341   0.28801870
  0.83484237   0.86119514   0.28956522
  0.83573613   0.85339723   0.29111243
  0.83663188   0.84559968   0.29266030
  0.83752958   0.83780249   0.29420880
  0.83842920   0.83000563   0.29575791
  0.83933070   0.82220911   0.29730761
  0.84023405   0.81441292   0.29885785
  0.84113921   0.80661703   0.30040863
  0.84204612   0.79882145   0.30195990
  0.84295474   0.79102617   0.30351165
  0.84386502   0.78323116   0.30506384
  0.84477690   0.77543643   0.30661645
  0.84569033   0.76764196   0.30816947
  0.84660526   0.75984773   0.30972285
  0.84752162   0.75205375   0.31127659
  0.84843936   0.74425999   0.31283066
  0.84935842   0.73646646   0.31438503
  0.85027875   0.72867313   0.31593971
  0.85120028   0.72087999   0.31749465
  0.85212295   0.71308705   0.31904986
  0.85304672   0.70529428   0.32060532
  0.85397152   0.69750168   0.32216101
  0.85489730   0.68970925   0.32371692
  0.85582400   0.68191696   0.32527304
  0.85675158   0.67412482   0.32682935
  0.85767999   0.66633281   0.32838586
  0.85860916   0.65854094   0.32994255
  0.85953906   0.65074918   0.33149940
  0.86046964   0.64295753   0.33305642
  0.86140085   0.63516600   0.33461359
  0.86233264   0.62737456   0.33617091
  0.86326498   0.61958321   0.33772835
  0.86419783   0.61179195   0.33928593
  0.86513113   0.60400076   0.34084362
  0.86606487   0.59620965   0.34240142
  0.86699899   0.58841861   0.34395932
  0.86793346   0.58062763   0.34551731
  0.86886825   0.57283670   0.34707539
  0.86980333   0.56504582   0.34863354
  0.87073867   0.55725498   0.35019176
  0.87167424   0.54946419   0.35175004
  0.87261001   0.54167343   0.35330838
  0.87354595   0.53388271   0.35486677
  0.87448206   0.52609201   0.35642520
  0.87541829   0.51830133   0.35798367
  0.87635464   0.51051068   0.35954218
  0.87729109   0.50272004   0.36110072
  0.87822761   0.49492942   0.36265928
  0.87916419   0.48713880   0.36421787
  0.88010082   0.47934820   0.36577646
  0.88103748   0.47155760   0.36733506
  0.88197416   0.46376700   0.36889367
  0.88291085   0.45597641   0.37045227
  0.88384754   0.44818582   0.37201087
  0.88478424   0.44039522   0.37356948
  0.88572098   0.43260464   0.37512812
  0.39723464   0.11697799   0.00466546
  0.39459303   0.11599453   0.01215243
  0.39195121   0.11501068   0.01963928
  0.38930916   0.11402641   0.02712598
  0.38666683   0.11304167   0.03461253
  0.38402419   0.11205641   0.04209890
  0.38138119   0.11107058   0.04958507
  0.37873779   0.11008414   0.05707101
  0.37609394   0.10909703   0.06455671
  0.37344958   0.10810920   0.07204213
  0.37080467   0.10712062   0.07952726
  0.36815913   0.10613122   0.08701206
  0.36551292   0.10514097   0.09449651
  0.36286595   0.10414982   0.10198057
  0.36021818   0.10315772   0.10946422
  0.35756953   0.10216462   0.11694743
  0.35491992   0.10117049   0.12443016
  0.35226928   0.10017528   0.13191238
  0.34961754   0.09917896   0.13939407
  0.34696461   0.09818149   0.14687518
  0.34431042   0.09718283   0.15435569
  0.34165489   0.09618294   0.16183555
  0.33899793   0.09518181   0.16931474
  0.33633946   0.09417938   0.17679322
  0.33367939   0.09317565   0.18427096
  0.33101764   0.09217057   0.19174792
  0.32835411   0.09116413   0.19922406
  0.32568873   0.09015629   0.20669935
  0.32302141   0.08914704   0.21417376
  0.32035205   0.08813635   0.22164725
  0.31768057   0.08712420   0.22911978
  0.31500689   0.08611057   0.23659133
  0.31233090   0.08509545   0.24406185
  0.30965253   0.08407881   0.25153130
  0.30697169   0.08306064   0.25899966
  0.30428829   0.08204092   0.26646689
  0.30160224   0.08101964   0.27393296
  0.29891347   0.07999677   0.28139783
  0.29622189   0.07897230   0.28886146
  0.29352742   0.07794623   0.29632383
  0.29082997   0.07691852   0.30378490
  0.28812947   0.07588917   0.31124465
  0.28542585   0.07485817   0.31870303
  0.28271902   0.07382549   0.32616001
  0.28000892   0.07279113   0.33361558
  0.27729548   0.07175506   0.34106969
  0.27457863   0.07071729   0.34852233
  0.27185830   0.06967779   0.35597345
  0.26913445   0.06863655   0.36342304
  0.26640700   0.06759356   0.37087108
  0.26367592   0.06654881   0.37831753
  0.26094114   0.06550229   0.38576238
  0.25820263   0.06445398   0.39320561
  0.25546035   0.06340389   0.40064719
  0.25271426   0.06235200   0.40808712
  0.24996434   0.06129831   0.41552538
  0.24721055   0.06024282   0.42296195
  0.24445288   0.05918553   0.43039683
  0.24169132   0.05812644   0.43783000
  0.23892587   0.05706554   0.44526148
  0.23615652   0.05600287   0.45269124
  0.23338327   0.05493841   0.46011930
  0.23060615   0.05387218   0.46754565
  0.22782518   0.05280421   0.47497032
  0.22504037   0.05173451   0.48239329
  0.22225177   0.05066310   0.48981460
  0.21945943   0.04959001   0.49723426
  0.21666337   0.04851528   0.50465228
  0.21386368   0.04743894   0.51206869
  0.21106040   0.04636102   0.51948352
  0.20825361   0.04528157   0.52689680
  0.20544339   0.04420063   0.53430856
  0.20262982   0.04311825   0.54171885
  0.19981299   0.04203448   0.54912769
  0.19699300   0.04094938   0.55653513
  0.19416996   0.03986299   0.56394122
  0.19134397   0.03877538   0.57134601
  0.18851515   0.03768660   0.57874955
  0.18568362   0.03659672   0.58615188
  0.18284949   0.03550579   0.59355307
  0.18001290   0.03441388   0.60095317
  0.17717397   0.03332105   0.60835224
  0.17433284   0.03222736   0.61575033
  0.17148963   0.03113287   0.62314751
  0.16864449   0.03003763   0.63054384
  0.16579754   0.02894172   0.63793937
  0.16294891   0.02784518   0.64533416
  0.16009875   0.02674806   0.65272827
  0.15724717   0.02565043   0.66012176
  0.15439430   0.02455233   0.66751468
  0.15154027   0.02345381   0.67490709
  0.14868519   0.02235492   0.68229905
  0.14582917   0.02125569   0.68969059
  0.14297233   0.02015617   0.69708177
  0.14011477   0.01905640   0.70447263
  0.13725658   0.01795642   0.71186322
  0.13439785   0.01685625   0.71925357
  0.13153866   0.01575593   0.72664372
  0.12867909   0.01465548   0.73403370
  0.12581921   0.01355492   0.74142355
  0.12295908   0.01245429   0.74881329
  0.12009875   0.01135359   0.75620294
  0.11723828   0.01025284   0.76359254
  0.11437770   0.00915206   0.77098208
  0.11151705   0.00805125   0.77837159
  0.10865635   0.00695042   0.78576108
  0.10579563   0.00584958   0.79315057
  0.10293490   0.00474874   0.80054004
  0.10007416   0.00364791   0.80792952
  0.99608075   0.21827520   0.09169728
  0.98821343   0.21911498   0.09051405
  0.98034610   0.21995474   0.08933086
  0.97247875   0.22079447   0.08814774
  0.96461140   0.22163419   0.08696468
  0.95674403   0.22247388   0.08578169
  0.94887665   0.22331354   0.08459879
  0.94100925   0.22415317   0.08341596
  0.93314184   0.22499277   0.08223324
  0.92527440   0.22583233   0.08105061
  0.91740695   0.22667184   0.07986809
  0.90953947   0.22751131   0.07868569
  0.90167196   0.22835073   0.07750342
  0.89380444   0.22919009   0.07632128
  0.88593688   0.23002940   0.07513927
  0.87806930   0.23086864   0.07395742
  0.87020168   0.23170782   0.07277572
  0.86233403   0.23254692   0.07159418
  0.85446635   0.23338595   0.07041281
  0.84659864   0.23422489   0.06923162
  0.83873088   0.23506375   0.06805061
  0.83086309   0.23590252   0.06686978
  0.82299526   0.23674118   0.06568915
  0.81512739   0.23757975   0.06450871
  0.80725948   0.23841820   0.06332847
  0.79939153   0.23925654   0.06214844
  0.79152353   0.24009476   0.06096860
  0.78365549   0.24093285   0.05978897
  0.77578740   0.24177081   0.05860955
  0.76791927   0.24260863   0.05743032
  0.76005110   0.24344630   0.05625130
  0.75218287   0.24428382   0.05507247
  0.74431461   0.24512118   0.05389383
  0.73644629   0.24595838   0.05271537
  0.72857793   0.24679540   0.05153710
  0.72070953   0.24763225   0.05035899
  0.71284109   0.24846891   0.04918105
  0.70497260   0.24930539   0.04800326
  0.69710407   0.25014167   0.04682561
  0.68923549   0.25097776   0.04564810
  0.68136688   0.25181364   0.04447071
  0.67349823   0.25264931   0.04329343
  0.66562954   0.25348477   0.04211625
  0.65776082   0.25432002   0.04093916
  0.64989206   0.25515504   0.03976215
  0.64202327   0.25598985   0.03858520
  0.63415444   0.25682444   0.03740830
  0.62628559   0.25765880   0.03623145
  0.61841671   0.25849294   0.03505462
  0.61054780   0.25932686   0.03387782
  0.60267887   0.26016055   0.03270103
  0.59480991   0.26099402   0.03152423
  0.58694093   0.26182727   0.03034743
  0.57907193   0.26266030   0.02917061
  0.57120291   0.26349312   0.02799377
  0.56333388   0.26432572   0.02681690
  0.55546482   0.26515812   0.02563999
  0.54759575   0.26599031   0.02446303
  0.53972667   0.26682230   0.02328604
  0.53185758   0.26765409   0.02210899
  0.52398847   0.26848569   0.02093188
  0.51611935   0.26931711   0.01975472
  0.50825022   0.27014835   0.01857750
  0.50038108   0.27097941   0.01740022
  0.49251193   0.27181031   0.01622288
  0.48464278   0.27264104   0.01504548
  0.47677361   0.27347162   0.01386802
  0.46890444   0.27430205   0.01269050
  0.46103527   0.27513233   0.01151292
  0.45316609   0.27596248   0.01033527
  0.44529690   0.27679249   0.00915758
  0.43742771   0.27762238   0.00797982
  0.42955851   0.27845215   0.00680201
  0.42168931   0.27928181   0.00562415
  0.41382011   0.28011136   0.00444623
  0.40595090   0.28094080   0.00326827
  0.39808169   0.28177015   0.00209026
  0.39021248   0.28259941   0.00091220
  0.55762544   0.65167911   0.27810388
  0.55858971   0.64742163   0.28480791
  0.55955397   0.64316415   0.29151194
  0.56051825   0.63890665   0.29821596
  0.56148256   0.63464914   0.30491997
  0.56244693   0.63039161   0.31162395
  0.56341140   0.62613403   0.31832790
  0.56437599   0.62187639   0.32503178
  0.56534076   0.61761868   0.33173559
  0.56630576   0.61336086   0.33843931
  0.56727104   0.60910293   0.34514291
  0.56823667   0.60484486   0.35184637
  0.56920270   0.60058663   0.35854967
  0.57016922   0.59632822   0.36525279
  0.57113630   0.59206959   0.37195569
  0.57210400   0.58781074   0.37865835
  0.57307242   0.58355165   0.38536076
  0.57404161   0.57929228   0.39206289
  0.57501168   0.57503263   0.39876470
  0.57598268   0.57077268   0.40546619
  0.57695470   0.56651240   0.41216733
  0.57792781   0.56225180   0.41886810
  0.57890209   0.55799084   0.42556847
  0.57987761   0.55372953   0.43226844
  0.58085443   0.54946785   0.43896799
  0.58183262   0.54520579   0.44566709
  0.58281224   0.54094335   0.45236574
  0.58379334   0.53668051   0.45906393
  0.58477598   0.53241727   0.46576163
  0.58576022   0.52815363   0.47245884
  0.58674608   0.52388958   0.47915555
  0.58773363   0.51962511   0.48585175
  0.58872288   0.51536022   0.49254743
  0.58971389   0.51109492   0.49924258
  0.59070667   0.50682919   0.50593720
  0.59170125   0.50256303   0.51263128
  0.59269766   0.49829644   0.51932481
  0.59369591   0.49402941   0.52601779
  0.59469601   0.48976194   0.53271021
  0.59569798   0.48549403   0.53940207
  0.59670183   0.48122568   0.54609337
  0.59770756   0.47695687   0.55278409
  0.59871517   0.47268760   0.55947424
  0.59972466   0.46841787   0.56616381
  0.60073602   0.46414767   0.57285279
  0.60174926   0.45987699   0.57954119
  0.60276436   0.45560583   0.58622900
  0.60378131   0.45133418   0.59291621
  0.60480009   0.44706204   0.59960283
  0.60582070   0.44278939   0.60628885
  0.60684311   0.43851623   0.61297426
  0.60786731   0.43424255   0.61965907
  0.60889327   0.42996835   0.62634328
  0.60992097   0.42569360   0.63302687
  0.61095039   0.42141832   0.63970985
  0.61198151   0.41714249   0.64639222
  0.61301430   0.41286610   0.65307398
  0.61404873   0.40858915   0.65975512
  0.61508477   0.40431163   0.66643564
  0.61612240   0.40003352   0.67311555
  0.61716158   0.39575484   0.67979484
  0.61820228   0.39147557   0.68647352
  0.61924448   0.38719570   0.69315159
  0.62028814   0.38291524   0.69982905
  0.62133323   0.37863418   0.70650589
  0.62237971   0.37435251   0.71318213
  0.62342756   0.37007023   0.71985777
  0.62447673   0.36578734   0.72653280
  0.62552720   0.36150384   0.73320724
  0.62657892   0.35721973   0.73988109
  0.62763187   0.35293501   0.74655436
  0.62868601   0.34864968   0.75322704
  0.62974130   0.34436374   0.75989916
  0.63079772   0.34007720   0.76657071
  0.63185521   0.33579006   0.77324170
  0.63291375   0.33150233   0.77991214
  0.63397331   0.32721401   0.78658205
  0.63503384   0.32292511   0.79325143
  0.63609532   0.31863563   0.79992029
  0.63715770   0.31434560   0.80658864
  0.63822095   0.31005501   0.81325650
  0.63928504   0.30576389   0.81992388
  0.64034994   0.30147224   0.82659080
  0.64141560   0.29718008   0.83325726
  0.64248200   0.29288743   0.83992329
  0.64354909   0.28859430   0.84658890
  0.64461686   0.28430070   0.85325410
  0.64568526   0.28000667   0.85991891
  0.64675427   0.27571220   0.86658336
  0.64782385   0.27141734   0.87324745
  0.64889397   0.26712209   0.87991121
  0.64996460   0.26282648   0.88657466
  0.65103572   0.25853054   0.89323780
  0.65210729   0.25423427   0.89990067
  0.65317928   0.24993771   0.90656328
  0.65425168   0.24564087   0.91322565
  0.65532445   0.24134378   0.91988780
  0.65639757   0.23704646   0.92654974
  0.65747101   0.23274893   0.93321150
  0.65854475   0.22845122   0.93987308
  0.65961876   0.22415333   0.94653451
  0.66069304   0.21985529   0.95319580
  0.66176755   0.21555712   0.95985697
  0.66284227   0.21125884   0.96651803
  0.66391720   0.20696045   0.97317899
  0.66499230   0.20266198   0.97983987
  0.66606756   0.19836344   0.98650068
  0.66714297   0.19406483   0.99316142
  0.66821851   0.18976618   0.99982211
  0.46673473   0.39287646   0.00114704
  0.46225228   0.39820814   0.00508160
  0.45777024   0.40354012   0.00901624
  0.45328865   0.40887240   0.01295098
  0.44880754   0.41420501   0.01688581
  0.44432694   0.41953797   0.02082075
  0.43984688   0.42487129   0.02475581
  0.43536740   0.43020501   0.02869101
  0.43088854   0.43553913   0.03262635
  0.42641033   0.44087368   0.03656186
  0.42193281   0.44620868   0.04049754
  0.41745602   0.45154415   0.04443341
  0.41297999   0.45688011   0.04836949
  0.40850477   0.46221658   0.05230580
  0.40403039   0.46755357   0.05624235
  0.39955690   0.47289112   0.06017916
  0.39508434   0.47822924   0.06411625
  0.39061275   0.48356794   0.06805365
  0.38614217   0.48890726   0.07199137
  0.38167266   0.49424720   0.07592944
  0.37720424   0.49958780   0.07986788
  0.37273697   0.50492906   0.08380672
  0.36827090   0.51027102   0.08774597
  0.36380607   0.51561368   0.09168568
  0.35934253   0.52095706   0.09562586
  0.35488033   0.52630120   0.09956654
  0.35041951   0.53164609   0.10350775
  0.34596013   0.53699177   0.10744953
  0.34150222   0.54233825   0.11139190
  0.33704586   0.54768555   0.11533489
  0.33259107   0.55303368   0.11927855
  0.32813793   0.55838267   0.12322289
  0.32368647   0.56373252   0.12716796
  0.31923675   0.56908326   0.13111379
  0.31478882   0.57443490   0.13506042
  0.31034273   0.57978745   0.13900788
  0.30589854   0.58514094   0.14295621
  0.30145630   0.59049538   0.14690545
  0.29701606   0.59585078   0.15085564
  0.29257788   0.60120715   0.15480682
  0.28814181   0.60656451   0.15875903
  0.28370790   0.61192288   0.16271230
  0.27927621   0.61728226   0.16666668
  0.27484679   0.62264267   0.17062222
  0.27041969   0.62800413   0.17457894
  0.26599497   0.63336663   0.17853688
  0.26157268   0.63873020   0.18249610
  0.25715286   0.64409485   0.18645663
  0.25273557   0.64946058   0.19041851
  0.24832086   0.65482741   0.19438178
  0.24390878   0.66019535   0.19834647
  0.23949936   0.66556440   0.20231262
  0.23509267   0.67093457   0.20628027
  0.23068872   0.67630588   0.21024945
  0.22628757   0.68167832   0.21422019
  0.22188926   0.68705190   0.21819252
  0.21749381   0.69242663   0.22216647
  0.21310125   0.69780251   0.22614207
  0.20871162   0.70317955   0.23011933
  0.20432492   0.70855774   0.23409827
  0.19994119   0.71393708   0.23807892
  0.19556042   0.71931757   0.24206128
  0.19118264   0.72469921   0.24604536
  0.18680783   0.73008200   0.25003117
  0.18243600   0.73546591   0.25401872
  0.17806713   0.74085096   0.25800798
  0.17370120   0.74623712   0.26199897
  0.16933819   0.75162437   0.26599167
  0.16497807   0.75701272   0.26998606
  0.16062081   0.76240212   0.27398212
  0.15626634   0.76779258   0.27797983
  0.15191463   0.77318405   0.28197915
  0.14756561   0.77857652   0.28598006
  0.14321921   0.78396995   0.28998252
  0.13887535   0.78936432   0.29398648
  0.13453396   0.79475960   0.29799189
  0.13019494   0.80015574   0.30199871
  0.12585821   0.80555271   0.30600688
  0.12152365   0.81095047   0.31001634
  0.11719117   0.81634898   0.31402703
  0.11286064   0.82174820   0.31803889
  0.10853196   0.82714808   0.32205185
  0.10420501   0.83254858   0.32606584
  0.09987966   0.83794965   0.33008078
  0.09555580   0.84335125   0.33409662
  0.09123329   0.84875333   0.33811327
  0.08691201   0.85415584   0.34213066
  0.08259184   0.85955874   0.34614872
  0.07827266   0.86496198   0.35016738
  0.07395434   0.87036553   0.35418656
  0.06963678   0.87576933   0.35820621
  0.06531987   0.88117336   0.36222625
  0.06100350   0.88657758   0.36624662
  0.05668757   0.89198195   0.37026726
  0.05237200   0.89738644   0.37428813
  0.04805670   0.90279102   0.37830916
  0.04374161   0.90819567   0.38233032
  0.03942666   0.91360036   0.38635158
  0.03511180   0.91900509   0.39037289
  0.03079700   0.92440983   0.39439423
  0.02648222   0.92981459   0.39841559
  0.02216745   0.93521934   0.40243695
  0.60174939   0.38118848   0.00407089
  0.60125441   0.38664417   0.00990103
  0.60075525   0.39209804   0.01573251
  0.60025182   0.39755001   0.02156539
  0.59974401   0.40300003   0.02739973
  0.59923173   0.40844800   0.03323558
  0.59871488   0.41389385   0.03907301
  0.59819339   0.41933751   0.04491207
  0.59766719   0.42477888   0.05075283
  0.59713619   0.43021790   0.05659536
  0.59660034   0.43565447   0.06243972
  0.59605959   0.44108851   0.06828599
  0.59551389   0.44651993   0.07413423
  0.59496321   0.45194865   0.07998451
  0.59440754   0.45737457   0.08583690
  0.59384686   0.46279761   0.09169149
  0.59328117   0.46821769   0.09754835
  0.59271049   0.47363470   0.10340756
  0.59213486   0.47904858   0.10926918
  0.59155430   0.48445922   0.11513329
  0.59096888   0.48986656   0.12099998
  0.59037867   0.49527051   0.12686930
  0.58978374   0.50067099   0.13274134
  0.58918420   0.50606794   0.13861616
  0.58858015   0.51146129   0.14449382
  0.58797172   0.51685098   0.15037438
  0.58735903   0.52223696   0.15625791
  0.58674223   0.52761918   0.16214444
  0.58612147   0.53299761   0.16803402
  0.58549692   0.53837222   0.17392669
  0.58486874   0.54374299   0.17982247
  0.58423711   0.54910992   0.18572138
  0.58360220   0.55447300   0.19162343
  0.58296422   0.55983225   0.19752863
  0.58232333   0.56518771   0.20343696
  0.58167974   0.57053940   0.20934841
  0.58103363   0.57588737   0.21526294
  0.58038520   0.58123169   0.22118052
  0.57973462   0.58657244   0.22710110
  0.57908208   0.59190968   0.23302461
  0.57842775   0.59724352   0.23895099
  0.57777182   0.60257406   0.24488016
  0.57711444   0.60790142   0.25081203
  0.57645577   0.61322571   0.25674652
  0.57579597   0.61854706   0.26268351
  0.57513518   0.62386562   0.26862290
  0.57447353   0.62918151   0.27456457
  0.57381114   0.63449488   0.28050842
  0.57314815   0.63980589   0.28645431
  0.57248464   0.64511467   0.29240213
  0.57182072   0.65042138   0.29835176
  0.57115649   0.65572617   0.30430306
  0.57049201   0.66102918   0.31025593
  0.56982737   0.66633055   0.31621022
  0.56916262   0.67163044   0.32216584
  0.56849783   0.67692896   0.32812266
  0.56783303   0.68222625   0.33408057
  0.56716827   0.68752245   0.34003947
  0.56650358   0.69281765   0.34599925
  0.56583899   0.69811199   0.35195981
  0.56517452   0.70340556   0.35792107
  0.56451017   0.70869846   0.36388294
  0.56384596   0.71399078   0.36984533
  0.56318188   0.71928261   0.37580818
  0.56251793   0.72457402   0.38177141
  0.56185412   0.72986509   0.38773496
  0.56119041   0.73515588   0.39369877
  0.56052681   0.74044644   0.39966280
  0.55986331   0.74573682   0.40562699
  0.55919988   0.75102707   0.41159132
  0.55853652   0.75631720   0.41755575
  0.55787322   0.76160725   0.42352026
  0.55720998   0.76689725   0.42948483
  0.55654678   0.77218719   0.43544944
  0.55588361   0.77747710   0.44141410
  0.55522047   0.78276699   0.44737877
  0.55455732   0.78805689   0.45334343
  0.55389410   0.79334684   0.45930804
  0.56206240   0.04272649   0.11506280
  0.56717794   0.04814489   0.11797352
  0.57229344   0.05356328   0.12088430
  0.57740894   0.05898166   0.12379511
  0.58252445   0.06440005   0.12670590
  0.58763996   0.06981844   0.12961666
  0.59275547   0.07523685   0.13252740
  0.59787098   0.08065527   0.13543811
  0.60298649   0.08607371   0.13834880
  0.60810198   0.09149218   0.14125946
  0.61321746   0.09691067   0.14417010
  0.61833291   0.10232920   0.14708071
  0.62344833   0.10774778   0.14999130
  0.62856372   0.11316641   0.15290185
  0.63367906   0.11858510   0.15581235
  0.63879435   0.12400387   0.15872281
  0.64390957   0.12942273   0.16163321
  0.64902472   0.13484169   0.16454355
  0.65413979   0.14026077   0.16745382
  0.65925477   0.14567997   0.17036402
  0.66436964   0.15109932   0.17327414
  0.66948440   0.15651882   0.17618416
  0.67459904   0.16193850   0.17909406
  0.67971354   0.16735837   0.18200385
  0.68482791   0.17277845   0.18491348
  0.68994214   0.17819876   0.18782293
  0.69505623   0.18361931   0.19073217
  0.70017018   0.18904013   0.19364116
  0.70528399   0.19446124   0.19654985
  0.71039767   0.19988267   0.19945819
  0.71551123   0.20530443   0.20236612
  0.72062467   0.21072655   0.20527357
  0.72573802   0.21614906   0.20818048
  0.73085129   0.22157198   0.21108675
  0.73596450   0.22699534   0.21399230
  0.74107767   0.23241917   0.21689704
  0.74619082   0.23784350   0.21980088
  0.75130398   0.24326837   0.22270372
  0.75641718   0.24869379   0.22560546
  0.76153043   0.25411980   0.22850598
  0.76664376   0.25954644   0.23140518
  0.77175721   0.26497374   0.23430297
  0.77687078   0.27040173   0.23719921
  0.78198451   0.27583045   0.24009382
  0.78709842   0.28125993   0.24298669
  0.79221253   0.28669021   0.24587770
  0.79732685   0.29212133   0.24876676
  0.80244139   0.29755333   0.25165377
  0.80755617   0.30298625   0.25453864
  0.81267120   0.30842012   0.25742126
  0.81778647   0.31385500   0.26030156
  0.82290200   0.31929092   0.26317944
  0.82801776   0.32472792   0.26605482
  0.83313377   0.33016607   0.26892764
  0.83825000   0.33560540   0.27179780
  0.84336645   0.34104597   0.27466525
  0.84848308   0.34648782   0.27752991
  0.85359989   0.35193100   0.28039172
  0.85871685   0.35737558   0.28325063
  0.86383392   0.36282161   0.28610657
  0.86895107   0.36826913   0.28895950
  0.87406828   0.37371821   0.29180936
  0.87918551   0.37916890   0.29465611
  0.88430271   0.38462126   0.29749970
  0.88941985   0.39007535   0.30034009
  0.89453688   0.39553122   0.30317725
  0.89965378   0.40098892   0.30601113
  0.90477048   0.40644851   0.30884171
  0.90988696   0.41191004   0.31166896
  0.91500317   0.41737355   0.31449285
  0.92011908   0.42283911   0.31731337
  0.92523463   0.42830673   0.32013048
  0.93034980   0.43377648   0.32294419
  0.93546454   0.43924837   0.32575448
  0.94057884   0.44472245   0.32856135
  0.94569264   0.45019873   0.33136480
  0.95080593   0.45567724   0.33416483
  0.95591868   0.46115799   0.33696146
  0.96103088   0.46664100   0.33975469
  0.96614249   0.47212625   0.34254457
  0.97125351   0.47761375   0.34533111
  0.97636393   0.48310349   0.34811435
  0.98147373   0.48859544   0.35089433
  0.98658292   0.49408960   0.35367110
  0.99169150   0.49958592   0.35644471
  0.99679946   0.50508437   0.35921522
  0.44174308   0.00106833   0.35883910
  0.44338461   0.00829484   0.36185290
  0.44502651   0.01552181   0.36486538
  0.44666882   0.02274924   0.36787655
  0.44831153   0.02997712   0.37088641
  0.44995467   0.03720544   0.37389498
  0.45159824   0.04443419   0.37690227
  0.45324228   0.05166336   0.37990831
  0.45488678   0.05889293   0.38291312
  0.45653177   0.06612290   0.38591672
  0.45817726   0.07335324   0.38891915
  0.45982325   0.08058393   0.39192044
  0.46146975   0.08781497   0.39492063
  0.46311678   0.09504632   0.39791976
  0.46476435   0.10227798   0.40091787
  0.46641245   0.10950991   0.40391501
  0.46806110   0.11674211   0.40691122
  0.46971030   0.12397455   0.40990655
  0.47136006   0.13120721   0.41290104
  0.47301036   0.13844007   0.41589474
  0.47466122   0.14567311   0.41888769
  0.47631264   0.15290632   0.42187994
  0.47796460   0.16013967   0.42487154
  0.47961712   0.16737314   0.42786252
  0.48127018   0.17460673   0.43085294
  0.48292379   0.18184041   0.43384284
  0.48457793   0.18907417   0.43683224
  0.48623260   0.19630799   0.43982120
  0.48788779   0.20354186   0.44280976
  0.48954349   0.21077577   0.44579794
  0.49119969   0.21800971   0.44878578
  0.49285639   0.22524365   0.45177331
  0.49451357   0.23247760   0.45476057
  0.49617123   0.23971155   0.45774758
  0.49782934   0.24694548   0.46073437
  0.49948790   0.25417938   0.46372096
  0.50114690   0.26141326   0.46670739
  0.50280632   0.26864710   0.46969368
  0.50446614   0.27588090   0.47267984
  0.50612636   0.28311465   0.47566590
  0.50778695   0.29034835   0.47865187
  0.50944791   0.29758199   0.48163778
  0.51110921   0.30481557   0.48462365
  0.51277084   0.31204909   0.48760948
  0.51443279   0.31928254   0.49059529
  0.51609504   0.32651593   0.49358110
  0.51775757   0.33374925   0.49656692
  0.51942036   0.34098249   0.49955275
  0.52108341   0.34821567   0.50253862
  0.52274668   0.35544878   0.50552453
  0.52441018   0.36268182   0.50851048
  0.52607387   0.36991479   0.51149650
  0.52773775   0.37714769   0.51448257
  0.52940180   0.38438053   0.51746870
  0.53106600   0.39161330   0.52045491
  0.53273034   0.39884601   0.52344119
  0.53439481   0.40607867   0.52642754
  0.53605939   0.41331126   0.52941397
  0.53772407   0.42054380   0.53240048
  0.53938884   0.42777629   0.53538706
  0.54105369   0.43500873   0.53837371
  0.54271860   0.44224112   0.54136043
  0.54438357   0.44947348   0.54434722
  0.54604859   0.45670579   0.54733408
  0.54771365   0.46393807   0.55032100
  0.54937874   0.47117032   0.55330798
  0.55104386   0.47840254   0.55629501
  0.55270900   0.48563474   0.55928209
  0.55437416   0.49286691   0.56226922
  0.55603933   0.50009907   0.56525638
  0.55770451   0.50733121   0.56824358
  0.55936969   0.51456333   0.57123080
  0.56103488   0.52179545   0.57421804
  0.56270008   0.52902756   0.57720530
  0.56436527   0.53625967   0.58019257
  0.56603047   0.54349177   0.58317985
  0.56769567   0.55072387   0.58616713
  0.56936087   0.55795597   0.58915441
  0.57102606   0.56518806   0.59214170
  0.10676858   0.81537190   0.97955427
  0.10273059   0.80846636   0.97946347
  0.09869261   0.80156082   0.97937266
  0.09465462   0.79465529   0.97928186
  0.09061663   0.78774975   0.97919106
  0.08657864   0.78084422   0.97910026
  0.08254064   0.77393869   0.97900948
  0.07850264   0.76703317   0.97891871
  0.07446463   0.76012764   0.97882797
  0.07042661   0.75322213   0.97873725
  0.06638857   0.74631662   0.97864656
  0.06235052   0.73941112   0.97855591
  0.05831244   0.73250564   0.97846531
  0.05427434   0.72560016   0.97837477
  0.05023622   0.71869471   0.97828429
  0.04619806   0.71178927   0.97819388
  0.04215986   0.70488385   0.97810356
  0.03812163   0.69797845   0.97801333
  0.03408335   0.69107307   0.97792320
  0.03004502   0.68416773   0.97783318
  0.02600664   0.67726241   0.97774329
  0.02196821   0.67035712   0.97765354
  0.01792970   0.66345188   0.97756392
  0.01389113   0.65654666   0.97747447
  0.00985249   0.64964149   0.97738519
  0.00581377   0.64273636   0.97729608
  0.00177497   0.63583128   0.97720717
  0.10369195   0.13558015   0.68520225
  0.10456636   0.12763369   0.68550100
  0.10544074   0.11968723   0.68579973
  0.10631512   0.11174077   0.68609845
  0.10718950   0.10379431   0.68639718
  0.10806388   0.09584786   0.68669592
  0.10893828   0.08790140   0.68699466
  0.10981269   0.07995494   0.68729342
  0.11068710   0.07200849   0.68759218
  0.11156153   0.06406204   0.68789097
  0.11243597   0.05611559   0.68818976
  0.11331044   0.04816914   0.68848859
  0.11418495   0.04022270   0.68878744
  0.11505950   0.03227626   0.68908633
  0.11593411   0.02432984   0.68938527
  0.11680880   0.01638342   0.68968427
  0.11768358   0.00843702   0.68998334
  0.11855848   0.00049063   0.69028248
  0.93034794   0.10191230   0.65289221
  0.92992427   0.09613174   0.64737808
  0.92950061   0.09035118   0.64186395
  0.92907695   0.08457062   0.63634982
  0.92865329   0.07879006   0.63083569
  0.92822963   0.07300952   0.62532154
  0.92780596   0.06722899   0.61980738
  0.92738229   0.06144849   0.61429319
  0.92695861   0.05566801   0.60877897
  0.92653492   0.04988758   0.60326470
  0.92611122   0.04410720   0.59775039
  0.92568751   0.03832688   0.59223601
  0.92526378   0.03254664   0.58672155
  0.92484003   0.02676648   0.58120701
  0.92441626   0.02098643   0.57569235
  0.92399246   0.01520649   0.57017758
  0.92356864   0.00942669   0.56466266
  0.92314477   0.00364704   0.55914759
  0.33912612   0.16053355   0.00046036
  0.33926073   0.16416973   0.00758497
  0.33939680   0.16780703   0.01470898
  0.33953434   0.17144545   0.02183239
  0.33967335   0.17508500   0.02895520
  0.33981385   0.17872566   0.03607741
  0.33995583   0.18236744   0.04319902
  0.34009928   0.18601031   0.05032003
  0.34024419   0.18965427   0.05744047
  0.34039055   0.19329929   0.06456032
  0.34053834   0.19694538   0.07167961
  0.34068755   0.20059249   0.07879834
  0.34083814   0.20424062   0.08591652
  0.34099010   0.20788973   0.09303416
  0.34114338   0.21153981   0.10015129
  0.34129796   0.21519083   0.10726790
  0.34145379   0.21884275   0.11438402
  0.34161085   0.22249556   0.12149966
  0.34176909   0.22614921   0.12861484
  0.34192847   0.22980368   0.13572958
  0.34208895   0.23345893   0.14284388
  0.34225047   0.23711494   0.14995778
  0.34241301   0.24077166   0.15707129
  0.34257650   0.24442907   0.16418442
  0.34274091   0.24808713   0.17129719
  0.34290618   0.25174580   0.17840963
  0.34307228   0.25540506   0.18552175
  0.34323915   0.25906487   0.19263357
  0.34340675   0.26272519   0.19974511
  0.34357503   0.26638600   0.20685637
  0.34374395   0.27004726   0.21396740
  0.34391347   0.27370895   0.22107819
  0.34408354   0.27737102   0.22818876
  0.34425412   0.28103346   0.23529914
  0.34442518   0.28469623   0.24240933
  0.34459666   0.28835930   0.24951936
  0.34476854   0.29202266   0.25662923
  0.34494078   0.29568626   0.26373897
  0.34511334   0.29935010   0.27084858
  0.34528619   0.30301413   0.27795807
  0.34545930   0.30667836   0.28506747
  0.34563263   0.31034274   0.29217678
  0.34580617   0.31400726   0.29928601
  0.34597988   0.31767190   0.30639517
  0.34615373   0.32133665   0.31350428
  0.34632771   0.32500149   0.32061334
  0.34650180   0.32866640   0.32772235
  0.34667597   0.33233137   0.33483134
  0.34685021   0.33599639   0.34194030
  0.34702450   0.33966144   0.34904924
  0.34719882   0.34332652   0.35615816
  0.34737317   0.34699162   0.36326707
  0.34754754   0.35065673   0.37037598
  0.34772192   0.35432185   0.37748488
  0.34789630   0.35798697   0.38459378
  0.34807069   0.36165209   0.39170269
  0.30740157   0.13261924   0.00382872
  0.30490867   0.13746081   0.00968915
  0.30241359   0.14230041   0.01555028
  0.29991636   0.14713805   0.02141212
  0.29741706   0.15197376   0.02727466
  0.29491573   0.15680758   0.03313789
  0.29241245   0.16163955   0.03900182
  0.28990729   0.16646972   0.04486643
  0.28740031   0.17129813   0.05073171
  0.28489161   0.17612483   0.05659766
  0.28238127   0.18094988   0.06246427
  0.27986938   0.18577334   0.06833152
  0.27735602   0.19059526   0.07419941
  0.27484130   0.19541572   0.08006791
  0.27232531   0.20023478   0.08593702
  0.26980813   0.20505251   0.09180672
  0.26728988   0.20986897   0.09767699
  0.26477064   0.21468425   0.10354781
  0.26225050   0.21949841   0.10941916
  0.25972956   0.22431151   0.11529103
  0.25720791   0.22912365   0.12116340
  0.25468563   0.23393488   0.12703623
  0.25216280   0.23874528   0.13290950
  0.24963949   0.24355491   0.13878320
  0.24711579   0.24836385   0.14465730
  0.24459175   0.25317216   0.15053177
  0.24206744   0.25797990   0.15640659
  0.23954291   0.26278714   0.16228172
  0.23701821   0.26759393   0.16815716
  0.23449339   0.27240032   0.17403286
  0.23196848   0.27720636   0.17990881
  0.22944352   0.28201211   0.18578498
  0.22691853   0.28681760   0.19166134
  0.22439354   0.29162288   0.19753788
  0.22186856   0.29642798   0.20341457
  0.21934360   0.30123294   0.20929139
  0.21681869   0.30603777   0.21516832
  0.21429382   0.31084252   0.22104535
  0.21176899   0.31564719   0.22692246
  0.20924421   0.32045180   0.23279963
  0.20671948   0.32525638   0.23867686
  0.20419478   0.33006093   0.24455412
  0.20167012   0.33486546   0.25043141
  0.19914549   0.33966998   0.25630873
  0.19662088   0.34447449   0.26218606
  0.19409629   0.34927900   0.26806340
  0.19157170   0.35408351   0.27394074
  0.18904712   0.35888801   0.27981809
  0.18652255   0.36369252   0.28569544
  0.18399799   0.36849703   0.29157279
  0.99738090   0.83001767   0.55382449
  0.99085938   0.82648858   0.55082194
  0.98433886   0.82295938   0.54781735
  0.97781939   0.81943005   0.54481062
  0.97130102   0.81590060   0.54180166
  0.96478380   0.81237102   0.53879038
  0.95826775   0.80884131   0.53577669
  0.95175292   0.80531148   0.53276052
  0.94523934   0.80178152   0.52974181
  0.93872703   0.79825143   0.52672049
  0.93221602   0.79472123   0.52369653
  0.92570631   0.79119091   0.52066990
  0.91919791   0.78766048   0.51764057
  0.91269083   0.78412995   0.51460854
  0.90618505   0.78059932   0.51157381
  0.89968058   0.77706861   0.50853640
  0.89317738   0.77353782   0.50549634
  0.88667544   0.77000697   0.50245367
  0.88017472   0.76647608   0.49940843
  0.87367519   0.76294515   0.49636070
  0.86717681   0.75941420   0.49331055
  0.86067952   0.75588326   0.49025806
  0.85418328   0.75235233   0.48720333
  0.84768803   0.74882143   0.48414646
  0.84119370   0.74529060   0.48108755
  0.83470023   0.74175984   0.47802674
  0.82820755   0.73822918   0.47496414
  0.82171558   0.73469864   0.47189988
  0.81522426   0.73116824   0.46883410
  0.80873349   0.72763801   0.46576693
  0.80224322   0.72410797   0.46269853
  0.79575334   0.72057815   0.45962902
  0.78926378   0.71704857   0.45655857
  0.78277446   0.71351925   0.45348731
  0.77628529   0.70999022   0.45041540
  0.76979619   0.70646151   0.44734297
  0.76330708   0.70293314   0.44427018
  0.75681787   0.69940514   0.44119718
  0.75032848   0.69587754   0.43812410
  0.74383883   0.69235035   0.43505108
  0.73734885   0.68882361   0.43197827
  0.73085845   0.68529734   0.42890579
  0.72436755   0.68177157   0.42583379
  0.71787609   0.67824632   0.42276238
  0.71138399   0.67472162   0.41969169
  0.70489118   0.67119748   0.41662185
  0.69839760   0.66767394   0.41355296
  0.69190319   0.66415102   0.41048514
  0.68540787   0.66062873   0.40741849
  0.67891159   0.65710711   0.40435311
  0.67241431   0.65358616   0.40128909
  0.66591596   0.65006591   0.39822653
  0.65941650   0.64654637   0.39516550
  0.65291589   0.64302756   0.39210609
  0.64641408   0.63950949   0.38904835
  0.63991104   0.63599218   0.38599236
  0.63340675   0.63247564   0.38293818
  0.62690117   0.62895987   0.37988584
  0.62039428   0.62544488   0.37683539
  0.61388606   0.62193067   0.37378687
  0.60737651   0.61841725   0.37074029
  0.60086561   0.61490462   0.36769569
  0.59435337   0.61139277   0.36465307
  0.58783977   0.60788169   0.36161244
  0.58132484   0.60437139   0.35857378
  0.57480858   0.60086185   0.35553710
  0.56829100   0.59735305   0.35250237
  0.56177214   0.59384499   0.34946957
  0.55525200   0.59033765   0.34643865
  0.54873064   0.58683101   0.34340960
  0.54220806   0.58332504   0.34038235
  0.53568432   0.57981973   0.33735687
  0.52915944   0.57631505   0.33433308
  0.52263348   0.57281098   0.33131095
  0.51610648   0.56930748   0.32829039
  0.50957848   0.56580454   0.32527135
  0.50304953   0.56230212   0.32225375
  0.49651969   0.55880020   0.31923752
  0.48998899   0.55529873   0.31622259
  0.48345750   0.55179770   0.31320888
  0.47692527   0.54829708   0.31019632
  0.47039235   0.54479682   0.30718482
  0.46385878   0.54129691   0.30417432
  0.45732462   0.53779732   0.30116473
  0.45078993   0.53429801   0.29815597
  0.44425474   0.53079896   0.29514799
  0.43771911   0.52730014   0.29214070
  0.43118308   0.52380153   0.28913403
  0.42464670   0.52030310   0.28612792
  0.41811001   0.51680482   0.28312230
  0.41157305   0.51330668   0.28011710
  0.40503586   0.50980866   0.27711227
  0.39849848   0.50631074   0.27410775
  0.39196094   0.50281289   0.27110349
  0.38542326   0.49931511   0.26809944
  0.37888548   0.49581738   0.26509556
  0.37234761   0.49231969   0.26209181
  0.36580969   0.48882203   0.25908817
  0.35927171   0.48532439   0.25608460
  0.35273371   0.48182677   0.25308108
  0.34619569   0.47832915   0.25007759
  0.33965766   0.47483153   0.24707410
  0.33311966   0.47133391   0.24407059
  0.00648235   0.52982717   0.16840214
  0.01413587   0.52772550   0.16739886
  0.02178940   0.52562382   0.16639557
  0.02944292   0.52352214   0.16539229
  0.03709644   0.52142047   0.16438900
  0.04474996   0.51931879   0.16338572
  0.05240348   0.51721711   0.16238243
  0.06005700   0.51511543   0.16137915
  0.06771052   0.51301376   0.16037586
  0.07536404   0.51091208   0.15937258
  0.08301756   0.50881040   0.15836929
  0.09067108   0.50670873   0.15736601
  0.09832460   0.50460705   0.15636272
  0.10597812   0.50250537   0.15535944
  0.11363164   0.50040370   0.15435615
  0.12128516   0.49830202   0.15335287
  0.12893868   0.49620034   0.15234959
  0.13659220   0.49409866   0.15134630
  0.14424572   0.49199699   0.15034302
  0.15189924   0.48989531   0.14933973
  0.15955276   0.48779363   0.14833645
  0.16720628   0.48569196   0.14733316
  0.17485980   0.48359028   0.14632988
  0.18251332   0.48148860   0.14532659
  0.19016684   0.47938692   0.14432331
  0.19782036   0.47728525   0.14332002
  0.20547388   0.47518357   0.14231674
  0.21312740   0.47308189   0.14131345
  0.22078092   0.47098022   0.14031017
  0.22843444   0.46887854   0.13930688
  0.23608796   0.46677686   0.13830360
  0.24374148   0.46467519   0.13730031
  0.25139501   0.46257351   0.13629703
  0.25904853   0.46047183   0.13529375
  0.26670205   0.45837015   0.13429046
  0.27435557   0.45626848   0.13328718
  0.28200909   0.45416680   0.13228389
  0.28966261   0.45206512   0.13128061
  0.29731613   0.44996345   0.13027732
  0.30496965   0.44786177   0.12927404
  0.31262317   0.44576009   0.12827075
  0.32027669   0.44365842   0.12726747
  0.32793021   0.44155674   0.12626418
  0.33558373   0.43945506   0.12526090
  0.34323725   0.43735338   0.12425761
  0.35089077   0.43525171   0.12325433
  0.35854429   0.43315003   0.12225104
  0.36619781   0.43104835   0.12124776
  0.37385133   0.42894668   0.12024447
  0.38150485   0.42684500   0.11924119
  0.38915837   0.42474332   0.11823791
  0.39681189   0.42264164   0.11723462
  0.40446541   0.42053997   0.11623134
  0.41211893   0.41843829   0.11522805
  0.41977245   0.41633661   0.11422477
  0.42742597   0.41423494   0.11322148
  0.43507949   0.41213326   0.11221820
  0.44273301   0.41003158   0.11121491
  0.45038653   0.40792991   0.11021163
  0.45804005   0.40582823   0.10920834
  0.46569357   0.40372655   0.10820506
  0.47334709   0.40162487   0.10720177
  0.06394500   0.05787142   0.41962265
  0.07162039   0.05742865   0.42183448
  0.07929579   0.05698588   0.42404631
  0.08697120   0.05654310   0.42625814
  0.09464660   0.05610033   0.42846997
  0.10232199   0.05565756   0.43068180
  0.10999739   0.05521479   0.43289365
  0.11767278   0.05477202   0.43510550
  0.12534817   0.05432926   0.43731737
  0.13302356   0.05388651   0.43952926
  0.14069894   0.05344377   0.44174116
  0.14837431   0.05300103   0.44395308
  0.15604968   0.05255832   0.44616503
  0.16372504   0.05211562   0.44837700
  0.17140040   0.05167294   0.45058901
  0.17907574   0.05123030   0.45280105
  0.18675108   0.05078770   0.45501313
  0.19442641   0.05034513   0.45722526
  0.20210172   0.04990262   0.45943743
  0.20977703   0.04946017   0.46164966
  0.21745232   0.04901779   0.46386194
  0.22512760   0.04857548   0.46607427
  0.23280287   0.04813325   0.46828667
  0.24047812   0.04769112   0.47049914
  0.24815336   0.04724909   0.47271167
  0.25582859   0.04680718   0.47492428
  0.26350379   0.04636538   0.47713697
  0.27117899   0.04592372   0.47934974
  0.27885416   0.04548220   0.48156260
  0.28652932   0.04504084   0.48377556
  0.29420445   0.04459963   0.48598862
  0.30187957   0.04415860   0.48820179
  0.30955466   0.04371775   0.49041507
  0.31722973   0.04327709   0.49262847
  0.32490477   0.04283662   0.49484200
  0.33257979   0.04239636   0.49705566
  0.34025478   0.04195632   0.49926946
  0.34792973   0.04151650   0.50148340
  0.35560466   0.04107690   0.50369750
  0.36327956   0.04063754   0.50591175
  0.37095443   0.04019842   0.50812616
  0.37862926   0.03975954   0.51034073
  0.38630406   0.03932091   0.51255546
  0.39397883   0.03888253   0.51477036
  0.40165356   0.03844440   0.51698542
  0.40932827   0.03800654   0.51920064
  0.41700294   0.03756893   0.52141602
  0.42467758   0.03713158   0.52363156
  0.43235219   0.03669449   0.52584725
  0.44002678   0.03625766   0.52806307
  0.44770134   0.03582109   0.53027904
  0.45537588   0.03538478   0.53249512
  0.46305041   0.03494873   0.53471132
  0.47072492   0.03451294   0.53692763
  0.47839941   0.03407739   0.53914403
  0.48607390   0.03364210   0.54136050
  0.49374838   0.03320706   0.54357705
  0.50142286   0.03277225   0.54579364
  0.50909735   0.03233769   0.54801027
  0.51677184   0.03190336   0.55022692
  0.52444634   0.03146925   0.55244359
  0.53212085   0.03103537   0.55466024
  0.53979538   0.03060169   0.55687688
  0.54746993   0.03016823   0.55909349
  0.55514451   0.02973496   0.56131006
  0.56281911   0.02930187   0.56352656
  0.57049375   0.02886896   0.56574301
  0.57816841   0.02843622   0.56795937
  0.58584310   0.02800363   0.57017566
  0.59351783   0.02757117   0.57239185
  0.60119260   0.02713885   0.57460794
  0.60886740   0.02670663   0.57682393
  0.61654224   0.02627451   0.57903982
  0.62421711   0.02584246   0.58125560
  0.63189202   0.02541047   0.58347127
  0.63956696   0.02497853   0.58568683
  0.64724193   0.02454661   0.58790228
  0.65491693   0.02411469   0.59011764
  0.66259196   0.02368275   0.59233288
  0.67026702   0.02325078   0.59454804
  0.67794210   0.02281876   0.59676310
  0.68561720   0.02238665   0.59897807
  0.69329232   0.02195445   0.60119297
  0.70096745   0.02152214   0.60340780
  0.70864259   0.02108969   0.60562256
  0.71631775   0.02065710   0.60783726
  0.72399290   0.02022433   0.61005191
  0.73166806   0.01979139   0.61226651
  0.73934322   0.01935824   0.61448108
  0.74701838   0.01892489   0.61669562
  0.75469353   0.01849132   0.61891013
  0.76236867   0.01805752   0.62112463
  0.77004381   0.01762349   0.62333911
  0.77771893   0.01718922   0.62555358
  0.78539405   0.01675471   0.62776804
  0.79306915   0.01631996   0.62998250
  0.80074423   0.01588496   0.63219696
  0.80841930   0.01544973   0.63441142
  0.81609436   0.01501427   0.63662589
  0.82376941   0.01457859   0.63884035
  0.83144444   0.01414269   0.64105483
  0.83911946   0.01370659   0.64326930
  0.84679447   0.01327029   0.64548377
  0.85446946   0.01283381   0.64769825
  0.86214445   0.01239717   0.64991273
  0.86981943   0.01196037   0.65212721
  0.87749440   0.01152342   0.65434168
  0.88516937   0.01108635   0.65655615
  0.89284433   0.01064917   0.65877062
  0.90051928   0.01021188   0.66098508
  0.90819423   0.00977451   0.66319953
  0.91586918   0.00933705   0.66541398
  0.92354413   0.00889953   0.66762842
  0.93121908   0.00846194   0.66984285
  0.93889402   0.00802431   0.67205728
  0.94656897   0.00758663   0.67427169
  0.95424392   0.00714893   0.67648610
  0.96191886   0.00671119   0.67870051
  0.96959381   0.00627343   0.68091490
  0.97726876   0.00583566   0.68312930
  0.98494371   0.00539788   0.68534369
  0.99261865   0.00496010   0.68755807
  0.46971770   0.96204055   0.68470960
  0.47084429   0.96081503   0.67688471
  0.47197088   0.95958951   0.66905982
  0.47309747   0.95836399   0.66123493
  0.47422406   0.95713847   0.65341004
  0.47535066   0.95591295   0.64558515
  0.47647725   0.95468743   0.63776026
  0.47760384   0.95346190   0.62993537
  0.47873043   0.95223638   0.62211048
  0.47985702   0.95101086   0.61428559
  0.48098361   0.94978534   0.60646071
  0.48211020   0.94855982   0.59863582
  0.48323679   0.94733430   0.59081093
  0.48436338   0.94610878   0.58298604
  0.48548997   0.94488326   0.57516115
  0.48661656   0.94365774   0.56733626
  0.48774315   0.94243221   0.55951137
  0.48886974   0.94120669   0.55168648
  0.48999633   0.93998117   0.54386159
  0.49112292   0.93875565   0.53603670
  0.49224951   0.93753013   0.52821181
  0.49337610   0.93630461   0.52038692
  0.49450269   0.93507909   0.51256203
  0.49562928   0.93385357   0.50473714
  0.49675587   0.93262805   0.49691226
  0.49788247   0.93140253   0.48908737
  0.49900906   0.93017700   0.48126248
  0.50013565   0.92895148   0.47343759
  0.50126224   0.92772596   0.46561270
  0.50238883   0.92650044   0.45778781
  0.50351542   0.92527492   0.44996292
  0.50464201   0.92404940   0.44213803
  0.50576860   0.92282388   0.43431314
  0.50689519   0.92159836   0.42648825
  0.50802178   0.92037284   0.41866336
  0.50914837   0.91914731   0.41083847
  0.51027496   0.91792179   0.40301358
  0.51140155   0.91669627   0.39518870
  0.51252814   0.91547075   0.38736381
  0.51365473   0.91424523   0.37953892
  0.51478132   0.91301971   0.37171403
  0.51590791   0.91179419   0.36388914
  0.51703450   0.91056867   0.35606425
  0.51816109   0.90934315   0.34823936
  0.51928768   0.90811763   0.34041447
  0.52041428   0.90689210   0.33258958
  0.52154087   0.90566658   0.32476469
  0.52266746   0.90444106   0.31693980
  0.52379405   0.90321554   0.30911491
  0.52492064   0.90199002   0.30129002
  0.52604723   0.90076450   0.29346513
  0.52717382   0.89953898   0.28564025
  0.52830041   0.89831346   0.27781536
  0.52942700   0.89708794   0.26999047
  0.53055359   0.89586241   0.26216558
  0.53168018   0.89463689   0.25434069
  0.53280677   0.89341137   0.24651580
  0.53393336   0.89218585   0.23869091
  0.53505995   0.89096033   0.23086602
  0.53618654   0.88973481   0.22304113
  0.53731313   0.88850929   0.21521624
  0.53843972   0.88728377   0.20739135
  0.53956631   0.88605825   0.19956646
  0.54069290   0.88483273   0.19174157
  0.54181949   0.88360720   0.18391669
  0.54294608   0.88238168   0.17609180
  0.54407268   0.88115616   0.16826691
  0.54519927   0.87993064   0.16044202
  0.54632586   0.87870512   0.15261713
  0.54745245   0.87747960   0.14479224
  0.54857904   0.87625408   0.13696735
  0.54970563   0.87502856   0.12914246
  0.55083222   0.87380304   0.12131757
  0.55195881   0.87257751   0.11349268
  0.55308540   0.87135199   0.10566779
  0.55421199   0.87012647   0.09784290
  0.55533858   0.86890095   0.09001801
  0.55646517   0.86767543   0.08219312
  0.55759176   0.86644991   0.07436824
  0.55871835   0.86522439   0.06654335
  0.55984494   0.86399887   0.05871846
  0.56097153   0.86277335   0.05089357
  0.56209812   0.86154783   0.04306868
  0.56322471   0.86032230   0.03524379
  0.56435130   0.85909678   0.02741890
  0.56547789   0.85787126   0.01959401
  0.56660449   0.85664574   0.01176912
  0.56773108   0.85542022   0.00394423
  0.19275299   0.99718499   0.72063524
  0.18712960   0.99393642   0.72530688
  0.18150620   0.99068784   0.72997852
  0.17588281   0.98743926   0.73465015
  0.17025941   0.98419069   0.73932179
  0.16463602   0.98094211   0.74399342
  0.15901262   0.97769353   0.74866506
  0.15338923   0.97444495   0.75333669
  0.14776584   0.97119637   0.75800833
  0.14214244   0.96794779   0.76267996
  0.13651905   0.96469921   0.76735159
  0.74126124   0.21212887   0.02088084
  0.73912962   0.20835818   0.01415492
  0.73699802   0.20458745   0.00742900
  0.73486642   0.20081671   0.00070310
  0.67733112   0.44871213   0.36707199
  0.68083441   0.44773680   0.37419770
  0.68433771   0.44676146   0.38132340
  0.68784100   0.44578613   0.38844911
  0.69134429   0.44481080   0.39557481
  0.69484758   0.44383546   0.40270052
  0.69835087   0.44286013   0.40982622
  0.70185417   0.44188479   0.41695193
  0.70535746   0.44090946   0.42407763
  0.70886075   0.43993413   0.43120334
  0.71236404   0.43895879   0.43832904
  0.71586733   0.43798346   0.44545475
  0.71937063   0.43700812   0.45258045
  0.72287392   0.43603279   0.45970616
  0.72637721   0.43505746   0.46683186
  0.72988050   0.43408212   0.47395757
  0.73338379   0.43310679   0.48108327
  0.73688709   0.43213145   0.48820897
  0.74039038   0.43115612   0.49533468
  0.74389367   0.43018079   0.50246038
  0.74739696   0.42920545   0.50958609
  0.75090026   0.42823012   0.51671179
  0.75440355   0.42725478   0.52383750
  0.75790684   0.42627945   0.53096320
  0.76141013   0.42530412   0.53808891
  0.76491342   0.42432878   0.54521461
  0.76841672   0.42335345   0.55234032
  0.77192001   0.42237811   0.55946602
  0.77542330   0.42140278   0.56659173
  0.77892659   0.42042745   0.57371743
  0.78242988   0.41945211   0.58084314
  0.78593318   0.41847678   0.58796884
  0.78943647   0.41750144   0.59509455
  0.79293976   0.41652611   0.60222025
  0.79644305   0.41555078   0.60934596
  0.79994634   0.41457544   0.61647166
  0.80344964   0.41360011   0.62359737
  0.80695293   0.41262477   0.63072307
  0.81045622   0.41164944   0.63784877
  0.81395951   0.41067411   0.64497448
  0.81746280   0.40969877   0.65210018
  0.82096610   0.40872344   0.65922589
  0.82446939   0.40774810   0.66635159
  0.82797268   0.40677277   0.67347730
  0.83147597   0.40579744   0.68060300
  0.83497927   0.40482210   0.68772871
  0.83848256   0.40384677   0.69485441
  0.84198585   0.40287143   0.70198012
  0.84548914   0.40189610   0.70910582
  0.84899243   0.40092077   0.71623153
  0.85249573   0.39994543   0.72335723
  0.85599902   0.39897010   0.73048294
  0.85950231   0.39799476   0.73760864
  0.86300560   0.39701943   0.74473435
  0.86650889   0.39604410   0.75186005
  0.87001219   0.39506876   0.75898576
  0.87351548   0.39409343   0.76611146
  0.87701877   0.39311809   0.77323716
  0.88052206   0.39214276   0.78036287
  0.88402535   0.39116743   0.78748857
  0.88752865   0.39019209   0.79461428
  0.89103194   0.38921676   0.80173998
  0.89453523   0.38824142   0.80886569
  0.89803852   0.38726609   0.81599139
  0.90154181   0.38629076   0.82311710
  0.90504511   0.38531542   0.83024280
  0.90854840   0.38434009   0.83736851
  0.91205169   0.38336475   0.84449421
  0.91555498   0.38238942   0.85161992
  0.91905827   0.38141408   0.85874562
  0.92256157   0.38043875   0.86587133
  0.92606486   0.37946342   0.87299703
  0.92956815   0.37848808   0.88012274
  0.93307144   0.37751275   0.88724844
  0.93657473   0.37653741   0.89437415
  0.94007803   0.37556208   0.90149985
  0.94358132   0.37458675   0.90862556
  0.94708461   0.37361141   0.91575126
  0.95058790   0.37263608   0.92287696
  0.95409120   0.37166074   0.93000267
  0.95759449   0.37068541   0.93712837
  0.96109778   0.36971008   0.94425408
  0.96460107   0.36873474   0.95137978
  0.96810436   0.36775941   0.95850549
  0.97160766   0.36678407   0.96563119
  0.97511095   0.36580874   0.97275690
  0.97861424   0.36483341   0.97988260
  0.98211753   0.36385807   0.98700831
  0.98562082   0.36288274   0.99413401
  0.99946940   0.95573027   0.54632294
  0.99388239   0.95840962   0.55138322
  0.98829538   0.96108896   0.55644350
  0.98270836   0.96376830   0.56150378
  0.97712135   0.96644764   0.56656406
  0.97153434   0.96912698   0.57162433
  0.96594732   0.97180632   0.57668461
  0.96036031   0.97448566   0.58174489
  0.95477330   0.97716501   0.58680517
  0.94918629   0.97984435   0.59186545
  0.94359927   0.98252369   0.59692572
  0.93801226   0.98520303   0.60198600
  0.93242525   0.98788237   0.60704628
  0.92683823   0.99056171   0.61210656
  0.92125122   0.99324105   0.61716683
  0.91566421   0.99592040   0.62222711
  0.91007719   0.99859974   0.62728739
  0.04112612   0.69666239   0.99929765
  0.03326248   0.69695212   0.99785567
  0.02539885   0.69724185   0.99641368
  0.01753522   0.69753158   0.99497170
  0.00967158   0.69782131   0.99352971
  0.00180795   0.69811104   0.99208773
  0.45807561   0.77588467   0.82075529
  0.46380940   0.77680473   0.82625775
  0.46954319   0.77772479   0.83176021
  0.47527699   0.77864485   0.83726267
  0.48101078   0.77956491   0.84276514
  0.48674457   0.78048497   0.84826760
  0.49247836   0.78140503   0.85377007
  0.49821215   0.78232510   0.85927254
  0.50394594   0.78324516   0.86477501
  0.50967972   0.78416522   0.87027749
  0.51541349   0.78508528   0.87577997
  0.52114726   0.78600534   0.88128246
  0.52688102   0.78692541   0.88678496
  0.53261477   0.78784547   0.89228747
  0.53834851   0.78876553   0.89778999
  0.54408223   0.78968560   0.90329252
  0.54981594   0.79060566   0.90879507
  0.55554964   0.79152572   0.91429764
  0.56128331   0.79244579   0.91980022
  0.56701697   0.79336586   0.92530283
  0.57275060   0.79428592   0.93080546
  0.57848421   0.79520599   0.93630811
  0.58421779   0.79612606   0.94181080
  0.58995134   0.79704613   0.94731351
  0.59568486   0.79796620   0.95281626
  0.60141834   0.79888627   0.95831904
  0.60715179   0.79980634   0.96382186
  0.61288520   0.80072642   0.96932472
  0.61861857   0.80164649   0.97482763
  0.62435189   0.80256657   0.98033058
  0.63008517   0.80348665   0.98583357
  0.63581840   0.80440673   0.99133662
  0.64155157   0.80532681   0.99683973
  0.43691603   0.02238101   0.60083470
  0.43609983   0.02307986   0.59290719
  0.43528364   0.02377871   0.58497968
  0.43446746   0.02447756   0.57705216
  0.43365127   0.02517639   0.56912465
  0.43283507   0.02587521   0.56119714
  0.43201887   0.02657401   0.55326962
  0.43120266   0.02727277   0.54534210
  0.43038643   0.02797149   0.53741458
  0.42957019   0.02867014   0.52948706
  0.42875393   0.02936871   0.52155953
  0.42793765   0.03006718   0.51363199
  0.42712134   0.03076552   0.50570445
  0.42630499   0.03146372   0.49777690
  0.42548859   0.03216174   0.48984933
  0.42467214   0.03285956   0.48192176
  0.42385563   0.03355715   0.47399417
  0.42303906   0.03425446   0.46606656
  0.42222240   0.03495148   0.45813894
  0.42140565   0.03564816   0.45021129
  0.42058880   0.03634447   0.44228362
  0.41977184   0.03704037   0.43435593
  0.41895476   0.03773582   0.42642821
  0.41813754   0.03843078   0.41850047
  0.41732017   0.03912522   0.41057269
  0.41650263   0.03981910   0.40264488
  0.41568492   0.04051237   0.39471703
  0.41486700   0.04120501   0.38678916
  0.41404887   0.04189699   0.37886124
  0.41323050   0.04258826   0.37093329
  0.41241188   0.04327881   0.36300530
  0.41159298   0.04396861   0.35507728
  0.41077378   0.04465763   0.34714921
  0.40995425   0.04534586   0.33922112
  0.40913438   0.04603328   0.33129299
  0.40831413   0.04671987   0.32336482
  0.40749347   0.04740564   0.31543663
  0.40667238   0.04809058   0.30750841
  0.40585084   0.04877468   0.29958016
  0.40502879   0.04945796   0.29165190
  0.40420623   0.05014041   0.28372362
  0.40338312   0.05082205   0.27579532
  0.40255941   0.05150290   0.26786702
  0.40173510   0.05218297   0.25993872
  0.40091013   0.05286229   0.25201042
  0.40008448   0.05354087   0.24408212
  0.39925812   0.05421874   0.23615385
  0.39843101   0.05489594   0.22822559
  0.39760313   0.05557248   0.22029735
  0.39677444   0.05624840   0.21236915
  0.39594492   0.05692374   0.20444098
  0.39511453   0.05759852   0.19651286
  0.39428325   0.05827277   0.18858479
  0.39345104   0.05894653   0.18065677
  0.39261789   0.05961982   0.17272881
  0.39178377   0.06029268   0.16480091
  0.39094866   0.06096514   0.15687309
  0.39011253   0.06163722   0.14894534
  0.38927537   0.06230895   0.14101767
  0.38843715   0.06298035   0.13309009
  0.38759786   0.06365144   0.12516259
  0.38675748   0.06432225   0.11723518
  0.38591601   0.06499279   0.10930787
  0.38507343   0.06566308   0.10138065
  0.38422973   0.06633313   0.09345353
  0.38338491   0.06700295   0.08552651
  0.38253896   0.06767255   0.07759960
  0.38169188   0.06834193   0.06967278
  0.38084367   0.06901111   0.06174607
  0.37999434   0.06968009   0.05381947
  0.37914388   0.07034887   0.04589296
  0.37829230   0.07101745   0.03796656
  0.37743962   0.07168583   0.03004027
  0.37658584   0.07235401   0.02211407
  0.37573098   0.07302199   0.01418797
  0.37487505   0.07368977   0.00626197
  0.00042778   0.28797350   0.28597121
  0.07942843   0.00310413   0.65189132
  0.08519878   0.00733329   0.64831121
  0.09096911   0.01156206   0.64473060
  0.09673942   0.01579044   0.64114949
  0.10250970   0.02001845   0.63756790
  0.10827996   0.02424607   0.63398581
  0.11405019   0.02847333   0.63040326
  0.11982041   0.03270021   0.62682023
  0.12559061   0.03692673   0.62323676
  0.13136081   0.04115289   0.61965285
  0.13713099   0.04537871   0.61606853
  0.14290118   0.04960419   0.61248380
  0.14867138   0.05382935   0.60889870
  0.15444158   0.05805419   0.60531325
  0.16021180   0.06227872   0.60172746
  0.16598204   0.06650297   0.59814137
  0.17175230   0.07072694   0.59455499
  0.17752260   0.07495065   0.59096835
  0.18329292   0.07917412   0.58738148
  0.18906329   0.08339735   0.58379439
  0.19483369   0.08762038   0.58020711
  0.20060413   0.09184321   0.57661967
  0.20637461   0.09606586   0.57303208
  0.21214513   0.10028835   0.56944437
  0.21791569   0.10451069   0.56585655
  0.22368629   0.10873290   0.56226864
  0.22945692   0.11295499   0.55868065
  0.23522760   0.11717699   0.55509260
  0.24099830   0.12139889   0.55150450
  0.24676904   0.12562073   0.54791637
  0.25253981   0.12984249   0.54432821
  0.25831061   0.13406421   0.54074002
  0.26408142   0.13828588   0.53715183
  0.26985226   0.14250752   0.53356362
  0.27562312   0.14672912   0.52997541
  0.28139399   0.15095071   0.52638720
  0.28716487   0.15517228   0.52279899
  0.29293576   0.15939384   0.51921078
  0.29870666   0.16361539   0.51562257
  0.30447756   0.16783694   0.51203437
  0.31024846   0.17205849   0.50844616
  0.31601936   0.17628004   0.50485795
  0.32179026   0.18050158   0.50126974
  0.32756118   0.18472312   0.49768154
  0.00005552   0.57077975   0.14428286
  0.00567620   0.57580917   0.14694985
  0.01129861   0.58083708   0.14961605
  0.01692272   0.58586352   0.15228144
  0.02254850   0.59088851   0.15494603
  0.02817591   0.59591210   0.15760981
  0.03380493   0.60093433   0.16027278
  0.03943552   0.60595522   0.16293494
  0.04506766   0.61097482   0.16559628
  0.05070131   0.61599315   0.16825679
  0.05633643   0.62101027   0.17091647
  0.06197300   0.62602620   0.17357531
  0.06761100   0.63104099   0.17623331
  0.07325037   0.63605467   0.17889046
  0.07889110   0.64106728   0.18154676
  0.08453315   0.64607886   0.18420219
  0.09017649   0.65108945   0.18685677
  0.09582108   0.65609908   0.18951047
  0.10146689   0.66110780   0.19216330
  0.10711389   0.66611565   0.19481526
  0.11276204   0.67112266   0.19746634
  0.11841131   0.67612887   0.20011656
  0.12406165   0.68113433   0.20276590
  0.12971303   0.68613907   0.20541439
  0.13536541   0.69114313   0.20806202
  0.14101876   0.69614655   0.21070880
  0.14667302   0.70114937   0.21335475
  0.15232817   0.70615163   0.21599988
  0.15798417   0.71115336   0.21864421
  0.16364096   0.71615460   0.22128775
  0.16929851   0.72115538   0.22393054
  0.17495677   0.72615575   0.22657258
  0.18061571   0.73115572   0.22921392
  0.18627528   0.73615535   0.23185457
  0.19193544   0.74115465   0.23449456
  0.19759614   0.74615366   0.23713394
  0.20325736   0.75115240   0.23977273
  0.20891904   0.75615091   0.24241097
  0.21458115   0.76114920   0.24504869
  0.22024365   0.76614731   0.24768593
  0.22590650   0.77114525   0.25032273
  0.23156966   0.77614305   0.25295912
  0.23723311   0.78114072   0.25559514
  0.24289681   0.78613829   0.25823083
  0.24856073   0.79113576   0.26086623
  0.25422484   0.79613315   0.26350136
  0.25988911   0.80113048   0.26613626
  0.26555352   0.80612776   0.26877097
  0.27121804   0.81112499   0.27140552
  0.27688266   0.81612219   0.27403993
  0.28254735   0.82111936   0.27667423
  0.28821210   0.82611651   0.27930844
  0.29387689   0.83111365   0.28194260
  0.29954171   0.83611078   0.28457671
  0.30520654   0.84110791   0.28721079
  0.31087138   0.84610503   0.28984486
  0.31653623   0.85110215   0.29247892
  0.32220109   0.85609927   0.29511297
  0.13129408   0.57630048   0.51499712
  0.13898022   0.57501784   0.51318656
  0.14666636   0.57373522   0.51137600
  0.15435249   0.57245259   0.50956542
  0.16203863   0.57116996   0.50775485
  0.16972476   0.56988733   0.50594427
  0.17741089   0.56860470   0.50413368
  0.18509702   0.56732205   0.50232307
  0.19278314   0.56603941   0.50051243
  0.20046925   0.56475675   0.49870177
  0.20815534   0.56347407   0.49689106
  0.21584143   0.56219138   0.49508031
  0.22352749   0.56090867   0.49326949
  0.23121354   0.55962593   0.49145862
  0.23889956   0.55834316   0.48964766
  0.24658556   0.55706034   0.48783662
  0.25427152   0.55577747   0.48602549
  0.26195745   0.55449454   0.48421425
  0.26964334   0.55321153   0.48240289
  0.27732918   0.55192843   0.48059141
  0.28501498   0.55064523   0.47877980
  0.29270072   0.54936190   0.47696805
  0.30038640   0.54807843   0.47515615
  0.30807202   0.54679480   0.47334408
  0.31575757   0.54551099   0.47153185
  0.32344304   0.54422696   0.46971945
  0.33112843   0.54294269   0.46790687
  0.33881373   0.54165816   0.46609411
  0.34649894   0.54037333   0.46428117
  0.35418405   0.53908817   0.46246804
  0.36186905   0.53780263   0.46065472
  0.36955394   0.53651669   0.45884121
  0.37723872   0.53523030   0.45702752
  0.38492336   0.53394342   0.45521365
  0.39260788   0.53265602   0.45339960
  0.40029226   0.53136804   0.45158538
  0.40797650   0.53007944   0.44977099
  0.41566059   0.52879019   0.44795645
  0.42334453   0.52750022   0.44614175
  0.43102830   0.52620951   0.44432691
  0.43871191   0.52491799   0.44251194
  0.44639536   0.52362565   0.44069685
  0.45407862   0.52233242   0.43888165
  0.46176171   0.52103826   0.43706634
  0.46944462   0.51974315   0.43525095
  0.47712734   0.51844704   0.43343548
  0.48480986   0.51714990   0.43161994
  0.49249220   0.51585169   0.42980435
  0.50017434   0.51455238   0.42798871
  0.50785628   0.51325195   0.42617305
  0.51553802   0.51195038   0.42435736
  0.52321957   0.51064763   0.42254166
  0.53090091   0.50934369   0.42072597
  0.53858205   0.50803855   0.41891029
  0.54626299   0.50673219   0.41709464
  0.55394373   0.50542461   0.41527902
  0.56162427   0.50411579   0.41346345
  0.56930461   0.50280574   0.41164794
  0.57698476   0.50149445   0.40983250
  0.58466472   0.50018193   0.40801714
  0.59234449   0.49886819   0.40620187
  0.60002408   0.49755322   0.40438671
  0.60770348   0.49623705   0.40257166
  0.61538272   0.49491968   0.40075675
  0.62306178   0.49360114   0.39894198
  0.63074069   0.49228143   0.39712737
  0.63841944   0.49096059   0.39531293
  0.64609804   0.48963863   0.39349868
  0.65377650   0.48831557   0.39168463
  0.66145483   0.48699145   0.38987082
  0.66913304   0.48566629   0.38805725
  0.67681114   0.48434012   0.38624394
  0.68448914   0.48301296   0.38443093
  0.69216704   0.48168486   0.38261823
  0.69984487   0.48035585   0.38080587
  0.70752264   0.47902595   0.37899388
  0.71520035   0.47769521   0.37718229
  0.72287802   0.47636366   0.37537113
  0.73055567   0.47503134   0.37356043
  0.73823331   0.47369829   0.37175023
  0.74591096   0.47236454   0.36994056
  0.75358862   0.47103013   0.36813146
  0.76126632   0.46969512   0.36632297
  0.76894407   0.46835952   0.36451513
  0.77662190   0.46702340   0.36270798
  0.78429981   0.46568678   0.36090155
  0.79197782   0.46434970   0.35909590
  0.79965595   0.46301222   0.35729106
  0.80733421   0.46167437   0.35548707
  0.81501263   0.46033618   0.35368396
  0.82269121   0.45899771   0.35188179
  0.83036998   0.45765898   0.35008058
  0.83804894   0.45632004   0.34828036
  0.84572811   0.45498092   0.34648118
  0.85340751   0.45364165   0.34468304
  0.86108713   0.45230227   0.34288598
  0.86876700   0.45096282   0.34109002
  0.87644712   0.44962331   0.33929517
  0.88412750   0.44828378   0.33750144
  0.89180814   0.44694426   0.33570883
  0.89948904   0.44560476   0.33391734
  0.90717022   0.44426531   0.33212697
  0.91485166   0.44292591   0.33033769
  0.92253336   0.44158660   0.32854949
  0.93021533   0.44024738   0.32676235
  0.93789755   0.43890825   0.32497623
  0.94558001   0.43756924   0.32319108
  0.95326272   0.43623033   0.32140688
  0.96094565   0.43489154   0.31962357
  0.96862879   0.43355286   0.31784109
  0.97631214   0.43221430   0.31605938
  0.98399567   0.43087584   0.31427840
  0.99167937   0.42953749   0.31249806
  0.99936322   0.42819923   0.31071832
  0.47616066   0.67272045   0.49728668
  0.47312226   0.66638562   0.50111267
  0.47008386   0.66005080   0.50493865
  0.46704546   0.65371598   0.50876464
  0.46400706   0.64738116   0.51259062
  0.46096866   0.64104633   0.51641661
  0.45793027   0.63471151   0.52024259
  0.45489187   0.62837669   0.52406857
  0.45185347   0.62204186   0.52789456
  0.44881507   0.61570704   0.53172054
  0.44577667   0.60937222   0.53554653
  0.44273827   0.60303740   0.53937251
  0.43969988   0.59670257   0.54319850
  0.43666148   0.59036775   0.54702448
  0.43362308   0.58403293   0.55085047
  0.43058468   0.57769811   0.55467645
  0.42754628   0.57136328   0.55850243
  0.42450789   0.56502846   0.56232842
  0.42146949   0.55869364   0.56615440
  0.41843109   0.55235881   0.56998039
  0.41539269   0.54602399   0.57380637
  0.41235429   0.53968917   0.57763235
  0.40931590   0.53335434   0.58145834
  0.40627750   0.52701952   0.58528432
  0.40323910   0.52068470   0.58911031
  0.40020071   0.51434987   0.59293629
  0.39716231   0.50801505   0.59676227
  0.39412391   0.50168022   0.60058826
  0.39108552   0.49534540   0.60441424
  0.38804712   0.48901058   0.60824022
  0.38500872   0.48267575   0.61206621
  0.38197033   0.47634093   0.61589219
  0.37893193   0.47000610   0.61971817
  0.37589354   0.46367128   0.62354416
  0.37285514   0.45733645   0.62737014
  0.36981675   0.45100163   0.63119612
  0.36677835   0.44466680   0.63502210
  0.36373996   0.43833197   0.63884809
  0.36070156   0.43199715   0.64267407
  0.35766317   0.42566232   0.64650005
  0.35462477   0.41932750   0.65032603
  0.35158638   0.41299267   0.65415201
  0.34854799   0.40665784   0.65797800
  0.34550960   0.40032302   0.66180398
  0.34247120   0.39398819   0.66562996
  0.33943281   0.38765336   0.66945594
  0.33639442   0.38131853   0.67328192
  0.33335603   0.37498370   0.67710790
  0.33031764   0.36864888   0.68093388
  0.32727925   0.36231405   0.68475986
  0.32424086   0.35597922   0.68858584
  0.32120247   0.34964439   0.69241182
  0.31816408   0.34330956   0.69623780
  0.31512569   0.33697473   0.70006378
  0.31208730   0.33063990   0.70388976
  0.30904891   0.32430507   0.70771574
  0.30601052   0.31797024   0.71154172
  0.30297214   0.31163541   0.71536770
  0.29993375   0.30530057   0.71919368
  0.29689536   0.29896574   0.72301966
  0.29385698   0.29263091   0.72684564
  0.29081859   0.28629608   0.73067162
  0.28778021   0.27996125   0.73449759
  0.28474182   0.27362641   0.73832357
  0.28170344   0.26729158   0.74214955
  0.27866505   0.26095675   0.74597553
  0.27562667   0.25462191   0.74980150
  0.27258828   0.24828708   0.75362748
  0.26954990   0.24195224   0.75745346
  0.26651152   0.23561741   0.76127943
  0.26347314   0.22928257   0.76510541
  0.26043475   0.22294774   0.76893139
  0.25739637   0.21661290   0.77275736
  0.25435799   0.21027806   0.77658334
  0.25131961   0.20394323   0.78040931
  0.24828123   0.19760839   0.78423529
  0.24524285   0.19127355   0.78806126
  0.24220447   0.18493872   0.79188724
  0.23916609   0.17860388   0.79571321
  0.23612771   0.17226904   0.79953919
  0.23308933   0.16593420   0.80336516
  0.23005096   0.15959936   0.80719114
  0.22701258   0.15326453   0.81101711
  0.22397420   0.14692969   0.81484309
  0.22093582   0.14059485   0.81866906
  0.21789745   0.13426001   0.82249503
  0.21485907   0.12792517   0.82632101
  0.21182069   0.12159033   0.83014698
  0.20878232   0.11525549   0.83397296
  0.20574394   0.10892065   0.83779893
  0.20270557   0.10258581   0.84162490
  0.19966719   0.09625097   0.84545087
  0.19662882   0.08991613   0.84927685
  0.19359044   0.08358129   0.85310282
  0.19055207   0.07724644   0.85692879
  0.18751369   0.07091160   0.86075477
  0.18447532   0.06457676   0.86458074
  0.18143695   0.05824192   0.86840671
  0.17839857   0.05190708   0.87223268
  0.17536020   0.04557223   0.87605865
  0.17232182   0.03923739   0.87988463
  0.16928345   0.03290255   0.88371060
  0.16624508   0.02656771   0.88753657
  0.16320671   0.02023287   0.89136254
  0.16016833   0.01389802   0.89518851
  0.15712996   0.00756318   0.89901448
  0.15409159   0.00122834   0.90284046
